303.00	83.33	219.67	0.00
306.00	83.33	222.67	-35.56
309.00	83.80	225.20	1.69
312.00	83.80	228.20	39.53
315.00	83.80	231.20	77.74
318.00	83.80	234.20	116.46
321.00	81.97	239.03	155.69
324.00	81.97	242.03	195.14
327.00	81.97	245.03	235.72
330.00	82.19	247.81	276.82
333.00	82.19	250.81	318.47
336.00	82.19	253.81	360.55
339.00	107.53	231.47	403.16
342.00	107.53	234.47	450.38
345.00	212.77	132.23	489.66
348.00	285.71	62.29	546.49
351.00	337.08	13.92	580.54
354.00	394.74	-40.74	599.07
357.00	461.54	-104.54	610.31
360.00	476.19	-116.19	613.64
363.00	483.87	-120.87	597.57
366.00	483.87	-117.87	578.36
369.00	454.55	-85.55	557.11
372.00	441.18	-69.18	531.63
375.00	422.54	-47.54	514.28
378.00	375.00	3.00	498.89
381.00	357.14	23.86	482.54
384.00	340.91	43.09	479.68
387.00	326.09	60.91	480.67
390.00	319.15	70.85	485.19
393.00	322.58	70.42	494.04
396.00	326.09	69.91	506.28
399.00	333.33	65.67	518.46
402.00	348.84	53.16	531.16
405.00	365.85	39.15	544.47
408.00	379.75	28.25	555.87
411.00	410.96	0.04	564.36
414.00	422.54	-8.54	573.78
417.00	428.57	-11.57	575.18
420.00	447.76	-27.76	574.20
423.00	447.76	-24.76	574.83
426.00	441.18	-15.18	569.58
429.00	434.78	-5.78	563.77
432.00	434.78	-2.78	559.65
435.00	428.57	6.43	558.17
438.00	416.67	21.33	556.20
441.00	410.96	30.04	554.89
444.00	410.96	33.04	557.14
447.00	410.96	36.04	561.82
450.00	410.96	39.04	567.01
453.00	422.54	30.46	572.72
456.00	422.54	33.46	580.81
459.00	434.78	24.22	585.56
462.00	454.55	7.45	592.81
465.00	454.55	10.45	599.68
468.00	476.19	-8.19	600.48
471.00	483.87	-12.87	605.29
474.00	483.87	-9.87	604.64
477.00	476.19	0.81	601.94
480.00	476.19	3.81	598.52
483.00	468.75	14.25	598.17
486.00	468.75	17.25	597.14
489.00	468.75	20.25	599.10
492.00	468.75	23.25	601.58
495.00	468.75	26.25	604.57
498.00	468.75	29.25	608.08
501.00	476.19	24.81	612.10
504.00	483.87	20.13	617.85
507.00	483.87	23.13	622.87
510.00	500.00	10.00	625.84
513.00	508.47	4.53	631.94
516.00	517.24	-1.24	634.54
519.00	517.24	1.76	636.25
522.00	526.32	-4.32	635.56
525.00	526.32	-1.32	636.84
528.00	517.24	10.76	635.61
531.00	526.32	4.68	633.43
534.00	526.32	7.68	636.26
537.00	526.32	10.68	636.58
540.00	526.32	13.68	637.42
543.00	526.32	16.68	638.77
546.00	535.71	10.29	640.63
549.00	526.32	22.68	644.54
552.00	535.71	16.29	644.30
555.00	535.71	19.29	649.23
558.00	535.71	22.29	651.54
561.00	535.71	25.29	654.37
564.00	545.45	18.55	657.71
567.00	535.71	31.29	663.15
570.00	535.71	34.29	664.27
573.00	545.45	27.55	669.16
576.00	545.45	30.55	676.14
579.00	545.45	33.55	680.39
582.00	566.04	15.96	685.15
585.00	576.92	8.08	693.76
588.00	576.92	11.08	697.78
591.00	588.24	2.76	698.68
594.00	588.24	5.76	701.93
597.00	600.00	-3.00	701.92
600.00	600.00	0.00	704.33
603.00	600.00	3.00	703.33
606.00	600.00	6.00	702.84
609.00	600.00	9.00	702.87
612.00	600.00	12.00	703.42
615.00	600.00	15.00	704.48
618.00	600.00	18.00	706.05
621.00	600.00	21.00	708.14
624.00	600.00	24.00	710.75
627.00	600.00	27.00	713.87
630.00	612.24	17.76	717.51
633.00	625.00	8.00	723.64
636.00	612.24	23.76	728.27
639.00	625.00	14.00	727.10
642.00	625.00	17.00	732.76
645.00	625.00	20.00	734.68
648.00	652.17	-4.17	737.11
651.00	638.30	12.70	744.46
654.00	638.30	15.70	741.01
657.00	652.17	4.83	742.71
660.00	652.17	7.83	747.17
663.00	652.17	10.83	747.51
666.00	652.17	13.83	748.37
669.00	666.67	2.33	749.74
672.00	666.67	5.33	753.98
675.00	666.67	8.33	753.90
678.00	681.82	-3.82	754.33
681.00	666.67	14.33	757.73
684.00	666.67	17.33	754.13
687.00	681.82	5.18	756.11
690.00	666.67	23.33	761.05
693.00	666.67	26.33	759.00
696.00	681.82	14.18	762.53
699.00	681.82	17.18	769.02
702.00	681.82	20.18	770.97
705.00	681.82	23.18	773.44
708.00	697.67	10.33	776.42
711.00	697.67	13.33	782.48
714.00	697.67	16.33	783.77
717.00	697.67	19.33	785.57
720.00	697.67	22.33	787.89
723.00	697.67	25.33	790.73
726.00	714.29	11.71	794.08
729.00	714.29	14.71	800.63
732.00	714.29	17.71	802.16
735.00	714.29	20.71	804.20
738.00	714.29	23.71	806.76
741.00	714.29	26.71	809.83
744.00	714.29	29.71	813.42
747.00	731.71	15.29	817.52
750.00	750.00	0.00	824.96
753.00	731.71	21.29	830.07
756.00	750.00	6.00	826.62
759.00	750.00	9.00	832.75
762.00	750.00	12.00	833.30
765.00	750.00	15.00	834.36
768.00	750.00	18.00	835.93
771.00	750.00	21.00	838.03
774.00	750.00	24.00	840.63
777.00	750.00	27.00	843.75
780.00	750.00	30.00	847.39
783.00	769.23	13.77	851.54
786.00	769.23	16.77	859.33
789.00	789.47	-0.47	861.21
792.00	789.47	2.53	866.88
795.00	789.47	5.53	866.31
798.00	789.47	8.53	866.26
800.00	789.47	10.53	866.72
800.00	789.47	10.53	867.86
800.00	789.47	10.53	869.67
800.00	789.47	10.53	871.48
800.00	789.47	10.53	873.29
800.00	789.47	10.53	875.10
800.00	789.47	10.53	876.91
800.00	789.47	10.53	878.72
800.00	789.47	10.53	880.52
800.00	789.47	10.53	882.33
800.00	810.81	-10.81	884.14
800.00	789.47	10.53	889.40
800.00	789.47	10.53	884.09
800.00	810.81	-10.81	885.90
800.00	810.81	-10.81	891.16
800.00	789.47	10.53	889.31
800.00	789.47	10.53	883.99
800.00	789.47	10.53	885.80
800.00	789.47	10.53	887.61
800.00	810.81	-10.81	889.42
800.00	789.47	10.53	894.68
800.00	789.47	10.53	889.37
800.00	789.47	10.53	891.18
800.00	789.47	10.53	892.99
800.00	810.81	-10.81	894.80
800.00	810.81	-10.81	900.06
800.00	789.47	10.53	898.20
800.00	810.81	-10.81	892.89
800.00	789.47	10.53	898.15
800.00	810.81	-10.81	892.84
800.00	789.47	10.53	898.10
800.00	789.47	10.53	892.79
800.00	810.81	-10.81	894.60
800.00	789.47	10.53	899.86
800.00	789.47	10.53	894.55
800.00	810.81	-10.81	896.36
800.00	789.47	10.53	901.62
800.00	810.81	-10.81	896.31
800.00	810.81	-10.81	901.57
800.00	810.81	-10.81	899.72
800.00	789.47	10.53	897.86
800.00	789.47	10.53	892.55
800.00	810.81	-10.81	894.36
800.00	810.81	-10.81	899.62
800.00	810.81	-10.81	897.76
800.00	810.81	-10.81	895.90
800.00	789.47	10.53	894.05